((("data_arg" .
   [0 0 0 0 1 0 0 0])
  ("len" .
   [1 0 0])
  ("buffer" .
   [1 0 0 0 0 0])
  ("in" .
   [2 0])
  ("unsigned" .
   [0 0 0 0 2 0 0 0])
  ("UINT32" .
   [0 0 1 0 0 0])
  ("pthread_create" .
   [0 0 0 0 0 0 0 0 0 1 0 0 0 0])
  ("NULL" .
   [3 0 0 0])
  ("pthread" .
   [0 0 0 0 1 0 0])
  ("pthread_exit" .
   [0 0 0 0 0 0 0 0 0 1 0 0])
  ("pthread_t" .
   [1 0 0 0 0 0 0 0 0])
  ("r" .
   [3])
  ("file" .
   [4 0 0 0])
  ("f" .
   [3])
  ("readnum" .
   [0 0 0 0 0 1 0])
  ("printf" .
   [1 0 0 0 0 0])
  ("events" .
   [2 0 0 0 0 0])))
